LA_initialconc	dilu	nbtransfer	finaltime	Ct	At	MMnu	LA	ROS	finstate	exttimeat
0.05	10	5	15	2.86184e+08	338596	8.6043e-317	2.19495e-05	1.89949e-09	coex	5
0.1	10	5	15	5.88947e+08	697054	-6.38208e-318	2.88263e-09	1.20964e-13	coex	5
0.15	10	5	15	8.91967e+08	1.03226e+06	1.20161e-317	2.61826e-13	5.10728e-16	coex	5
0.2	10	5	15	1.1951e+09	1.34601e+06	6.37599e-318	2.06944e-17	1.22653e-15	coex	5
0.25	10	5	15	1.49828e+09	1.63982e+06	6.3792e-318	1.52003e-21	4.42236e-16	coex	5
0.3	10	5	15	1.8015e+09	1.91565e+06	6.37997e-318	1.06702e-25	1.02184e-15	coex	5
0.35	10	5	15	2.10473e+09	2.17535e+06	-6.38205e-318	7.26293e-30	6.07031e-16	coex	5
0.4	10	5	15	2.40799e+09	2.42049e+06	6.37673e-318	4.83465e-34	2.5465e-16	coex	5
0.45	10	5	15	2.71125e+09	2.65235e+06	6.38064e-318	3.16429e-38	-1.10972e-15	coex	5
0.5	10	5	15	3.01452e+09	2.87202e+06	6.38167e-318	2.04376e-42	1.61958e-16	coex	5
0.55	10	5	15	3.31781e+09	3.08039e+06	6.37813e-318	1.306e-46	-1.60208e-15	coex	5
0.6	10	5	15	3.6211e+09	3.2782e+06	6.37986e-318	8.27262e-51	-8.09994e-16	coex	5
0.65	10	5	15	3.9244e+09	3.46607e+06	-6.38106e-318	5.20171e-55	-2.30146e-16	coex	5
0.7	10	5	15	4.2277e+09	3.64454e+06	-6.38234e-318	3.25036e-59	4.10397e-16	coex	5
0.75	10	5	15	4.53101e+09	3.81405e+06	6.38111e-318	2.02014e-63	-1.5714e-15	coex	5
0.8	10	5	15	4.83433e+09	3.97498e+06	-6.38235e-318	1.24967e-67	1.63193e-16	coex	5
0.85	10	5	15	5.13765e+09	4.12766e+06	6.38092e-318	7.69886e-72	4.50428e-16	coex	5
0.9	10	5	15	5.44098e+09	4.27237e+06	6.37778e-318	4.72581e-76	3.40521e-16	coex	5
0.95	10	5	15	5.74431e+09	4.40937e+06	6.38096e-318	2.89147e-80	5.84833e-16	coex	5
1	10	5	15	6.04765e+09	4.53885e+06	6.38149e-318	1.76399e-84	4.82701e-17	coex	5
0.05	20	5	15	2.60087e+08	102855	1.49867e-316	0.000144095	1.37208e-08	coex	5
0.1	20	5	15	5.41038e+08	232583	-1.64206e-317	8.94632e-08	4.09535e-12	coex	5
0.15	20	5	15	8.21769e+08	358301	6.3823e-318	3.66494e-11	1.64821e-15	coex	5
0.2	20	5	15	1.10268e+09	477905	3.88456e-317	1.28977e-14	-3.48147e-16	coex	5
0.25	20	5	15	1.38366e+09	590932	2.04196e-317	4.19616e-18	1.16944e-16	coex	5
0.3	20	5	15	1.66468e+09	697640	-6.38203e-318	1.3013e-21	-5.14409e-16	coex	5
0.35	20	5	15	1.94573e+09	798478	7.09993e-318	3.90736e-25	6.75798e-16	coex	5
0.4	20	5	15	2.22679e+09	893904	1.3439e-317	1.14632e-28	-6.98134e-18	coex	5
0.45	20	5	15	2.50786e+09	984334	1.08926e-317	3.30465e-32	-5.3818e-16	coex	5
0.5	20	5	15	2.78894e+09	1.07013e+06	6.38042e-318	9.3975e-36	7.8968e-16	coex	5
0.55	20	5	15	3.07003e+09	1.15161e+06	6.38179e-318	2.64324e-39	-1.56357e-18	coex	5
0.6	20	5	15	3.35112e+09	1.22903e+06	6.3819e-318	7.3681e-43	-7.34895e-16	coex	5
0.65	20	5	15	3.63222e+09	1.30262e+06	6.38059e-318	2.03851e-46	-1.96393e-16	coex	5
0.7	20	5	15	3.91333e+09	1.37257e+06	6.38009e-318	5.60407e-50	1.54289e-15	coex	5
0.75	20	5	15	4.19443e+09	1.43906e+06	2.92804e-318	1.53222e-53	3.96857e-16	coex	5
0.8	20	5	15	4.47554e+09	1.50223e+06	6.3821e-318	4.16943e-57	5.27383e-16	coex	5
0.85	20	5	15	4.75666e+09	1.56219e+06	4.11406e-318	1.12986e-60	4.58194e-16	coex	5
0.9	20	5	15	5.03777e+09	1.61906e+06	6.38228e-318	3.05056e-64	9.56974e-16	coex	5
0.95	20	5	15	5.31889e+09	1.67293e+06	-6.38194e-318	8.20945e-68	-1.72871e-16	coex	5
1	20	5	15	5.60001e+09	1.72389e+06	-6.38036e-318	2.2028e-71	-4.94544e-16	coex	5
0.05	30	5	15	2.49107e+08	50279.7	-1.20718e-316	0.000329711	3.27789e-08	coex	5
0.1	30	5	15	5.22364e+08	120857	4.32743e-317	4.23883e-07	2.00982e-11	coex	5
0.15	30	5	15	7.94457e+08	191356	7.82064e-317	3.50155e-10	1.09595e-14	coex	5
0.2	30	5	15	1.06676e+09	259406	3.20508e-317	2.46726e-13	1.32835e-16	coex	5
0.25	30	5	15	1.33916e+09	324243	6.89129e-317	1.60248e-16	7.58722e-17	coex	5
0.3	30	5	15	1.61161e+09	385768	3.05092e-317	9.90628e-20	-2.6566e-16	coex	5
0.35	30	5	15	1.88408e+09	444106	2.73955e-317	5.92437e-23	1.78804e-16	coex	5
0.4	30	5	15	2.15657e+09	499445	3.14253e-317	3.45989e-26	2.44445e-17	coex	5
0.45	30	5	15	2.42907e+09	551978	3.91559e-317	1.98487e-29	-3.35749e-16	coex	5
0.5	30	5	15	2.70158e+09	601887	1.97952e-317	1.12296e-32	-1.19985e-18	coex	5
0.55	30	5	15	2.9741e+09	649333	1.81391e-317	6.28292e-36	-7.66243e-16	coex	5
0.6	30	5	15	3.24663e+09	694455	1.68794e-317	3.48336e-39	-6.39936e-17	coex	5
0.65	30	5	15	3.51915e+09	737378	-6.38244e-318	1.91661e-42	9.24584e-17	coex	5
0.7	30	5	15	3.79169e+09	778207	1.02291e-317	1.04778e-45	-3.63424e-17	coex	5
0.75	30	5	15	4.06422e+09	817034	-6.38231e-318	5.69655e-49	-2.3466e-16	coex	5
0.8	30	5	15	4.33676e+09	853941	1.37851e-317	3.08228e-52	-2.58011e-16	coex	5
0.85	30	5	15	4.6093e+09	888996	1.53379e-317	1.66078e-55	-3.63257e-16	coex	5
0.9	30	5	15	4.88184e+09	922260	6.3825e-318	8.91549e-59	-2.2597e-16	coex	5
0.95	30	5	15	5.15439e+09	953785	1.5233e-317	4.77033e-62	4.89381e-16	coex	5
1	30	5	15	5.42693e+09	983619	6.38215e-318	2.54491e-65	-2.69018e-16	coex	5
0.05	40	5	15	2.42246e+08	29991.1	6.32035e-317	0.00054126	5.53342e-08	coex	5
0.1	40	5	15	5.11632e+08	75282.6	1.26687e-316	1.10807e-06	5.36403e-11	coex	5
0.15	40	5	15	7.78709e+08	121691	4.14395e-317	1.43351e-09	4.5391e-14	coex	5
0.2	40	5	15	1.04602e+09	167083	6.46051e-317	1.57602e-12	-7.36518e-16	coex	5
0.25	40	5	15	1.31343e+09	210668	7.25191e-317	1.5948e-15	-1.71005e-16	coex	5
0.3	40	5	15	1.58089e+09	252231	-1.36298e-317	1.53494e-18	1.89318e-15	coex	5
0.35	40	5	15	1.84838e+09	291772	4.37777e-317	1.42863e-21	-2.80642e-16	coex	5
0.4	40	5	15	2.11589e+09	329370	7.52508e-317	1.29819e-24	-5.08773e-16	coex	5
0.45	40	5	15	2.3834e+09	365126	3.4261e-317	1.15862e-27	-6.14765e-16	coex	5
0.5	40	5	15	2.65093e+09	399142	-8.5523e-318	1.01968e-30	1.20313e-16	coex	5
0.55	40	5	15	2.91847e+09	431513	3.07083e-317	8.87413e-34	-8.29887e-16	coex	5
0.6	40	5	15	3.18601e+09	462327	2.47644e-317	7.65253e-37	-2.02596e-16	coex	5
0.65	40	5	15	3.45355e+09	491661	2.19426e-317	6.54889e-40	-4.57594e-16	coex	5
0.7	40	5	15	3.7211e+09	519582	4.00627e-317	5.5683e-43	5.22929e-16	coex	5
0.75	40	5	15	3.98865e+09	546150	2.83094e-317	4.70838e-46	-4.11598e-16	coex	5
0.8	40	5	15	4.25621e+09	571417	-1.09716e-317	3.96218e-49	4.33677e-16	coex	5
0.85	40	5	15	4.52376e+09	595429	-6.38217e-318	3.32026e-52	-1.39118e-16	coex	5
0.9	40	5	15	4.79132e+09	618225	2.58125e-317	2.77204e-55	1.02611e-16	coex	5
0.95	40	5	15	5.05888e+09	639840	6.38211e-318	2.30672e-58	2.64848e-16	coex	5
1	40	5	15	5.32644e+09	660305	3.52649e-317	1.91386e-61	7.44575e-16	coex	5
0.05	50	5	15	2.37228e+08	20006.1	1.74986e-316	0.000759791	7.93181e-08	coex	5
0.1	50	5	15	5.04398e+08	51860.5	1.6297e-316	2.17776e-06	1.06936e-10	coex	5
0.15	50	5	15	7.6805e+08	85202.1	1.35249e-317	3.90061e-09	1.25974e-13	coex	5
0.2	50	5	15	1.03194e+09	118206	5.91336e-317	5.92801e-12	5.47332e-17	coex	5
0.25	50	5	15	1.29593e+09	150128	5.04742e-317	8.28847e-15	-2.06175e-15	coex	5
0.3	50	5	15	1.55996e+09	180713	1.05605e-316	1.10208e-17	3.75676e-16	coex	5
0.35	50	5	15	1.82403e+09	209907	-7.11358e-318	1.41704e-20	3.91494e-16	coex	5
0.4	50	5	15	2.08812e+09	237733	2.09306e-317	1.77884e-23	3.52651e-16	coex	5
0.45	50	5	15	2.35221e+09	264242	1.59892e-317	2.19324e-26	1.04093e-16	coex	5
0.5	50	5	15	2.61632e+09	289496	7.7884e-317	2.66662e-29	1.7219e-16	coex	5
0.55	50	5	15	2.88043e+09	313557	7.54626e-317	3.20614e-32	2.10859e-17	coex	5
0.6	50	5	15	3.14455e+09	336481	7.7491e-317	3.81971e-35	-3.96308e-16	coex	5
0.65	50	5	15	3.40867e+09	358321	2.79625e-317	4.51614e-38	2.55075e-15	coex	5
0.7	50	5	15	3.67279e+09	379123	5.66599e-317	5.30524e-41	9.49458e-17	coex	5
0.75	50	5	15	3.93692e+09	398929	6.8001e-317	6.19787e-44	2.90858e-16	coex	5
0.8	50	5	15	4.20104e+09	417775	3.49256e-317	7.20609e-47	3.51769e-16	coex	5
0.85	50	5	15	4.46518e+09	435694	-8.51398e-318	8.34329e-50	-1.80595e-16	coex	5
0.9	50	5	15	4.72931e+09	452714	3.36736e-317	9.62428e-53	3.79199e-16	coex	5
0.95	50	5	15	4.99344e+09	468860	4.93407e-317	1.10655e-55	2.03841e-16	coex	5
1	50	5	15	5.25758e+09	484154	3.80129e-317	1.26852e-58	1.20649e-16	coex	5
0.05	60	5	15	2.33247e+08	14345.4	1.56313e-316	0.000976154	1.03645e-07	coex	5
0.1	60	5	15	4.99074e+08	38113.2	1.30925e-316	3.63053e-06	1.80174e-10	coex	5
0.15	60	5	15	7.60172e+08	63436.2	1.48892e-316	8.37091e-09	2.72327e-13	coex	5
0.2	60	5	15	1.0215e+09	88774.7	5.86582e-317	1.63745e-11	2.35239e-16	coex	5
0.25	60	5	15	1.28292e+09	113448	1.11008e-316	2.94754e-14	3.55583e-16	coex	5
0.3	60	5	15	1.54439e+09	137197	6.59646e-317	5.04711e-17	4.21394e-16	coex	5
0.35	60	5	15	1.80589e+09	159938	8.78994e-317	8.35893e-20	3.09842e-16	coex	5
0.4	60	5	15	2.0674e+09	181664	1.03139e-316	1.35184e-22	5.04315e-16	coex	5
0.45	60	5	15	2.32892e+09	202401	5.42177e-317	2.1476e-25	6.55892e-16	coex	5
0.5	60	5	15	2.59046e+09	222183	9.36975e-317	3.36479e-28	-2.74519e-16	coex	5
0.55	60	5	15	2.85199e+09	241052	5.76898e-317	5.2137e-31	1.03701e-16	coex	5
0.6	60	5	15	3.11354e+09	259046	5.72598e-317	8.00561e-34	-5.24405e-17	coex	5
0.65	60	5	15	3.37508e+09	276203	1.40384e-317	1.22e-36	4.36968e-16	coex	5
0.7	60	5	15	3.63663e+09	292557	1.58002e-317	1.84734e-39	6.47672e-16	coex	5
0.75	60	5	15	3.89818e+09	308136	4.81633e-317	2.78197e-42	-1.94388e-15	coex	5
0.8	60	5	15	4.15973e+09	322969	5.62417e-317	4.1696e-45	5.91364e-16	coex	5
0.85	60	5	15	4.42128e+09	337079	2.10252e-317	6.22342e-48	-3.16466e-16	coex	5
0.9	60	5	15	4.68283e+09	350488	4.03946e-317	9.25488e-51	-5.36343e-16	coex	5
0.95	60	5	15	4.94439e+09	363215	4.33685e-317	1.37181e-53	-1.30087e-15	coex	5
1	60	5	15	5.20595e+09	375275	1.04006e-317	2.02745e-56	-8.77494e-16	coex	5
0.05	70	5	15	2.29931e+08	10821.5	2.07073e-317	0.00118606	1.27748e-07	coex	5
0.1	70	5	15	4.9493e+08	29309.3	8.05324e-317	5.44524e-06	2.72496e-10	coex	5
0.15	70	5	15	7.54019e+08	49301.7	-6.38253e-318	1.54061e-08	5.05181e-13	coex	5
0.2	70	5	15	1.01332e+09	69500.7	4.58266e-317	3.70086e-11	1.30251e-15	coex	5
0.25	70	5	15	1.27271e+09	89293.3	3.39187e-317	8.18723e-14	-1.27371e-16	coex	5
0.3	70	5	15	1.53214e+09	108426	7.97824e-317	1.72389e-16	4.22159e-16	coex	5
0.35	70	5	15	1.7916e+09	126805	6.84422e-317	3.51231e-19	5.71443e-16	coex	5
0.4	70	5	15	2.05107e+09	144404	5.66792e-317	6.99007e-22	-2.86745e-16	coex	5
0.45	70	5	15	2.31055e+09	161231	4.1255e-317	1.36688e-24	-2.76485e-16	coex	5
0.5	70	5	15	2.57003e+09	177307	9.66012e-317	2.63657e-27	-8.03439e-16	coex	5
0.55	70	5	15	2.82952e+09	192658	6.10421e-317	5.03035e-30	-1.74562e-15	coex	5
0.6	70	5	15	3.08901e+09	207312	5.57339e-317	9.51195e-33	6.04756e-16	coex	5
0.65	70	5	15	3.34851e+09	221295	6.24894e-317	1.78526e-35	6.89725e-17	coex	5
0.7	70	5	15	3.60801e+09	234633	1.05396e-316	3.32959e-38	-2.37726e-16	coex	5
0.75	70	5	15	3.8675e+09	247347	3.13237e-317	6.1763e-41	-6.81654e-16	coex	5
0.8	70	5	15	4.127e+09	259459	1.78132e-317	1.14032e-43	1.34133e-15	coex	5
0.85	70	5	15	4.38651e+09	270987	9.10201e-317	2.09673e-46	-7.5e-16	coex	5
0.9	70	5	15	4.64601e+09	281948	5.67636e-317	3.84133e-49	5.02898e-16	coex	5
0.95	70	5	15	4.90551e+09	292355	5.40666e-317	7.01488e-52	-1.52156e-15	coex	5
1	70	5	15	5.16501e+09	302222	9.01064e-317	1.27733e-54	-3.84882e-16	coex	5
0.05	80	5	15	2.27081e+08	8475.99	1.64102e-316	0.00138767	1.51339e-07	coex	5
0.1	80	5	15	4.91576e+08	23310.7	1.96487e-317	7.59289e-06	3.82563e-10	coex	5
0.15	80	5	15	7.49025e+08	39554.3	8.57546e-317	2.54839e-08	8.43591e-13	coex	5
0.2	80	5	15	1.00666e+09	56108.1	1.33373e-316	7.27233e-11	2.17283e-15	coex	5
0.25	80	5	15	1.26438e+09	72423	1.52257e-316	1.9133e-13	-2.84701e-16	coex	5
0.3	80	5	15	1.52214e+09	88258.6	5.28344e-317	4.79487e-16	-1.47124e-16	coex	5
0.35	80	5	15	1.77991e+09	103515	4.52238e-317	1.16341e-18	5.3867e-16	coex	5
0.4	80	5	15	2.0377e+09	118158	3.7843e-317	2.75858e-21	9.38964e-16	coex	5
0.45	80	5	15	2.29549e+09	132183	1.15172e-316	6.42893e-24	2.29e-16	coex	5
0.5	80	5	15	2.55328e+09	145601	6.65175e-317	1.47831e-26	1.44414e-16	coex	5
0.55	80	5	15	2.81108e+09	158429	6.19672e-317	3.363e-29	3.69989e-16	coex	5
0.6	80	5	15	3.06888e+09	170686	6.83725e-317	7.58356e-32	5.1334e-16	coex	5
0.65	80	5	15	3.32668e+09	182392	1.203e-316	1.69761e-34	1.5306e-16	coex	5
0.7	80	5	15	3.58448e+09	193565	4.21121e-317	3.77665e-37	-1.43375e-15	coex	5
0.75	80	5	15	3.84228e+09	204223	7.72253e-317	8.35729e-40	-1.73845e-16	coex	5
0.8	80	5	15	4.10009e+09	214382	6.03519e-317	1.84085e-42	-1.21304e-15	coex	5
0.85	80	5	15	4.35789e+09	224056	2.49003e-317	4.03846e-45	1.75623e-16	coex	5
0.9	80	5	15	4.61569e+09	233258	6.24277e-317	8.82801e-48	-5.21876e-16	coex	5
0.95	80	5	15	4.8735e+09	242001	3.31964e-317	1.92367e-50	-6.86415e-16	coex	5
1	80	5	15	5.1313e+09	250293	5.60509e-317	4.17985e-53	1.38106e-15	coex	5
0.05	90	5	15	2.24577e+08	6834.23	-5.86431e-319	0.00158038	1.74277e-07	coex	5
0.1	90	5	15	4.88783e+08	19028.9	9.64375e-317	1.00424e-05	5.08873e-10	coex	5
0.15	90	5	15	7.44858e+08	32523	4.86252e-317	3.89937e-08	1.29731e-12	coex	5
0.2	90	5	15	1.00109e+09	46381.7	7.09205e-317	1.28969e-10	3.59563e-15	coex	5
0.25	90	5	15	1.2574e+09	60113.2	-1.68471e-317	3.93791e-13	-6.15616e-17	coex	5
0.3	90	5	15	1.51374e+09	73492.5	3.7564e-317	1.14643e-15	5.26549e-16	coex	5
0.35	90	5	15	1.77008e+09	86419.3	2.49669e-317	3.23369e-18	1.95482e-16	coex	5
0.4	90	5	15	2.02644e+09	98853.4	6.99219e-317	8.91801e-21	-3.48118e-16	coex	5
0.45	90	5	15	2.2828e+09	110784	7.25649e-317	2.41832e-23	-1.72024e-15	coex	5
0.5	90	5	15	2.53916e+09	122214	5.02815e-317	6.4724e-26	2.94795e-16	coex	5
0.55	90	5	15	2.79552e+09	133153	7.0115e-317	1.7142e-28	3.6495e-16	coex	5
0.6	90	5	15	3.05188e+09	143616	1.02492e-316	4.50118e-31	4.57024e-16	coex	5
0.65	90	5	15	3.30824e+09	153617	6.99939e-317	1.17349e-33	7.88991e-16	coex	5
0.7	90	5	15	3.5646e+09	163169	7.93365e-317	3.04086e-36	-9.16912e-17	coex	5
0.75	90	5	15	3.82097e+09	172287	6.60852e-317	7.83881e-39	-7.95394e-16	coex	5
0.8	90	5	15	4.07733e+09	180983	7.14141e-317	2.01159e-41	1.37859e-15	coex	5
0.85	90	5	15	4.33369e+09	189268	6.46325e-317	5.14173e-44	-3.24864e-16	coex	5
0.9	90	5	15	4.59005e+09	197154	8.28336e-317	1.30966e-46	-3.18508e-16	coex	5
0.95	90	5	15	4.84641e+09	204648	8.3741e-317	3.32547e-49	1.23039e-16	coex	5
1	90	5	15	5.10277e+09	211760	2.49835e-317	8.42043e-52	-3.04983e-16	coex	5
0.05	100	5	15	2.22341e+08	5638.93	1.53741e-316	0.00176421	1.96506e-07	coex	5
0.1	100	5	15	4.86404e+08	15859.6	1.54721e-317	1.27635e-05	6.4992e-10	coex	5
0.15	100	5	15	7.41305e+08	27270.7	9.23147e-317	5.62417e-08	1.87844e-12	coex	5
0.2	100	5	15	9.96333e+08	39071.3	8.78327e-317	2.11534e-10	4.57988e-15	coex	5
0.25	100	5	15	1.25142e+09	50821.1	-4.41865e-317	7.35607e-13	-5.22533e-16	coex	5
0.3	100	5	15	1.50653e+09	62310.6	1.35967e-316	2.44167e-15	4.024e-16	coex	5
0.35	100	5	15	1.76165e+09	73441.9	9.32294e-317	7.85848e-18	-9.81914e-18	coex	5
0.4	100	5	15	2.01677e+09	84171.6	8.64917e-317	2.47439e-20	-1.85946e-16	coex	5
0.45	100	5	15	2.27189e+09	94483.8	9.09878e-317	7.66424e-23	3.13255e-16	coex	5
0.5	100	5	15	2.52701e+09	104377	1.28022e-316	2.34385e-25	4.64772e-16	coex	5
0.55	100	5	15	2.78212e+09	113857	8.8148e-317	7.09509e-28	-1.08498e-15	coex	5
0.6	100	5	15	3.03724e+09	122932	8.02834e-317	2.12987e-30	-1.96044e-16	coex	5
0.65	100	5	15	3.29235e+09	131614	2.05989e-317	6.34918e-33	1.95709e-15	coex	5
0.7	100	5	15	3.54746e+09	139912	6.80652e-317	1.88154e-35	1.67613e-16	coex	5
0.75	100	5	15	3.80257e+09	147838	4.02781e-317	5.54754e-38	-9.47994e-16	coex	5
0.8	100	5	15	4.05768e+09	155402	6.89709e-317	1.62844e-40	1.48399e-17	coex	5
0.85	100	5	15	4.31279e+09	162612	6.28178e-317	4.76173e-43	3.42173e-16	coex	5
0.9	100	5	15	4.5679e+09	169478	1.20469e-316	1.38762e-45	-1.15827e-15	coex	5
0.95	100	5	15	4.82301e+09	176006	7.29776e-317	4.03138e-48	6.19205e-16	coex	5
1	100	5	15	5.07811e+09	182204	6.52182e-317	1.16802e-50	-3.22096e-16	coex	5
0.05	110	5	15	2.20319e+08	4740.72	1.795e-316	0.00193951	2.18015e-07	coex	5
0.1	110	5	15	4.84342e+08	13444.4	1.39988e-316	1.5728e-05	8.0428e-10	coex	5
0.15	110	5	15	7.38224e+08	23235.6	1.53232e-316	7.74608e-08	2.59865e-12	coex	5
0.2	110	5	15	9.92199e+08	33423.9	8.17729e-317	3.26353e-10	7.9316e-15	coex	5
0.25	110	5	15	1.24622e+09	43614.1	1.61833e-316	1.27334e-12	-5.56474e-16	coex	5
0.3	110	5	15	1.50026e+09	53612.2	8.85024e-317	4.74773e-15	1.37315e-15	coex	5
0.35	110	5	15	1.75429e+09	63323.5	7.38083e-317	1.71795e-17	4.59977e-17	coex	5
0.4	110	5	15	2.00832e+09	72703.6	8.19603e-317	6.08546e-20	4.15673e-17	coex	5
0.45	110	5	15	2.26235e+09	81733.4	1.16073e-316	2.12161e-22	-6.66433e-16	coex	5
0.5	110	5	15	2.51638e+09	90408	5.58915e-317	7.30575e-25	3.92257e-16	coex	5
0.55	110	5	15	2.7704e+09	98729.4	8.48049e-317	2.49096e-27	5.5966e-16	coex	5
0.6	110	5	15	3.02441e+09	106703	8.12385e-317	8.42452e-30	7.91556e-17	coex	5
0.65	110	5	15	3.27843e+09	114338	5.72365e-317	2.82998e-32	5.11861e-16	coex	5
0.7	110	5	15	3.53244e+09	121640	7.83648e-317	9.45207e-35	1.63349e-17	coex	5
0.75	110	5	15	3.78644e+09	128620	7.45247e-317	3.14143e-37	-9.18249e-17	coex	5
0.8	110	5	15	4.04045e+09	135283	7.92708e-317	1.0396e-39	3.5809e-16	coex	5
0.85	110	5	15	4.29446e+09	141640	7.49947e-317	3.42742e-42	4.78638e-16	coex	5
0.9	110	5	15	4.54846e+09	147695	8.13623e-317	1.12622e-44	1.42109e-16	coex	5
0.95	110	5	15	4.80246e+09	153455	6.97558e-317	3.6897e-47	-8.19063e-16	coex	5
1	110	5	15	5.05646e+09	158927	9.1544e-317	1.2056e-49	5.06907e-16	coex	5
0.05	120	5	15	2.18471e+08	4048	1.78494e-316	0.00210673	2.38815e-07	coex	5
0.1	120	5	15	4.8253e+08	11559.1	6.05631e-317	1.89103e-05	9.70643e-10	coex	5
0.15	120	5	15	7.35515e+08	20063.4	7.37905e-317	1.02822e-07	3.46168e-12	coex	5
0.2	120	5	15	9.88557e+08	28962	1.41879e-316	4.7937e-10	1.1938e-14	coex	5
0.25	120	5	15	1.24163e+09	37899	-4.85762e-317	2.07322e-12	2.21902e-16	coex	5
0.3	120	5	15	1.49471e+09	46695.1	7.32809e-317	8.57896e-15	8.57792e-16	coex	5
0.35	120	5	15	1.74779e+09	55260	2.63182e-317	3.44829e-17	3.86461e-16	coex	5
0.4	120	5	15	2.00085e+09	63548.7	1.75665e-317	1.35778e-19	1.95473e-16	coex	5
0.45	120	5	15	2.25391e+09	71540.6	1.18787e-316	5.26473e-22	4.84595e-16	coex	5
0.5	120	5	15	2.50696e+09	79228.2	1.20955e-316	2.01713e-24	3.67453e-16	coex	5
0.55	120	5	15	2.76e+09	86610.9	9.06401e-317	7.65487e-27	1.57246e-15	coex	5
0.6	120	5	15	3.01304e+09	93691.9	8.38128e-317	2.8823e-29	1.09875e-17	coex	5
0.65	120	5	15	3.26607e+09	100477	7.21343e-317	1.0782e-31	-6.01416e-16	coex	5
0.7	120	5	15	3.51909e+09	106972	9.51513e-317	4.01091e-34	4.8089e-16	coex	5
0.75	120	5	15	3.77212e+09	113183	8.64031e-317	1.48496e-36	-4.55587e-16	coex	5
0.8	120	5	15	4.02514e+09	119117	8.95643e-317	5.47495e-39	1.31862e-17	coex	5
0.85	120	5	15	4.27816e+09	124780	7.53338e-317	2.01123e-41	4.297e-16	coex	5
0.9	120	5	15	4.53117e+09	130177	7.68e-317	7.36448e-44	1.92494e-15	coex	5
0.95	120	5	15	4.78419e+09	135314	8.27737e-317	2.68887e-46	1.3413e-16	coex	5
1	120	5	15	5.0372e+09	140196	7.11257e-317	9.79209e-49	-1.62927e-15	coex	5
0.05	130	5	15	2.16769e+08	3502	9.23973e-317	0.00226642	2.58934e-07	coex	5
0.1	130	5	15	4.80918e+08	10057.8	7.89975e-317	2.22874e-05	1.14782e-09	coex	5
0.15	130	5	15	7.33107e+08	17521.3	9.93053e-317	1.32445e-07	4.47427e-12	coex	5
0.2	130	5	15	9.85314e+08	25369.8	1.03093e-316	6.76421e-10	1.70831e-14	coex	5
0.25	130	5	15	1.23754e+09	33282.3	1.36616e-316	3.21028e-12	6.12915e-16	coex	5
0.3	130	5	15	1.48977e+09	41092.9	1.39458e-316	1.4596e-14	3.41849e-16	coex	5
0.35	130	5	15	1.74197e+09	48715.8	3.83908e-317	6.45234e-17	-2.60005e-16	coex	5
0.4	130	5	15	1.99417e+09	56106.7	1.11836e-316	2.79621e-19	7.81496e-16	coex	5
0.45	130	5	15	2.24635e+09	63243.9	5.31782e-317	1.19394e-21	2.31209e-16	coex	5
0.5	130	5	15	2.49852e+09	70118	6.75421e-317	5.03968e-24	3.65365e-16	coex	5
0.55	130	5	15	2.75068e+09	76726.5	1.02943e-316	2.10777e-26	-1.32051e-16	coex	5
0.6	130	5	15	3.00284e+09	83070.9	5.08919e-317	8.74921e-29	4.27799e-16	coex	5
0.65	130	5	15	3.25498e+09	89154.7	8.52113e-317	3.6089e-31	1.05195e-15	coex	5
0.7	130	5	15	3.50712e+09	94982.5	8.52704e-317	1.48066e-33	1.10075e-17	coex	5
0.75	130	5	15	3.75926e+09	100559	1.00617e-316	6.04697e-36	-4.85137e-17	coex	5
0.8	130	5	15	4.01139e+09	105891	5.21628e-317	2.45967e-38	-1.31826e-16	coex	5
0.85	130	5	15	4.26352e+09	110981	1.0537e-316	9.96981e-41	-9.51051e-16	coex	5
0.9	130	5	15	4.51564e+09	115835	7.9407e-317	4.02848e-43	-5.01708e-17	coex	5
0.95	130	5	15	4.76777e+09	120457	1.1572e-316	1.62325e-45	-4.7951e-16	coex	5
1	130	5	15	5.01989e+09	124851	8.71555e-317	6.52439e-48	-1.02792e-16	coex	5
0.05	140	5	15	2.15192e+08	3063.65	1.16075e-316	0.00241911	2.78405e-07	coex	5
0.1	140	5	15	4.7947e+08	8841.51	-2.2657e-318	2.58391e-05	1.33476e-09	coex	5
0.15	140	5	15	7.30944e+08	15450.3	1.07605e-316	1.66406e-07	5.63856e-12	coex	5
0.2	140	5	15	9.82399e+08	22431.4	1.11281e-316	9.2316e-10	2.31049e-14	coex	5
0.25	140	5	15	1.23386e+09	29494	-4.58351e-317	4.76748e-12	-1.73195e-16	coex	5
0.3	140	5	15	1.48531e+09	36484.7	2.85729e-317	2.36172e-14	-1.07342e-15	coex	5
0.35	140	5	15	1.73673e+09	43322.4	4.11307e-317	1.13862e-16	-2.49011e-16	coex	5
0.4	140	5	15	1.98814e+09	49963.8	3.75774e-317	5.38543e-19	-7.38956e-17	coex	5
0.45	140	5	15	2.23953e+09	56386.6	1.60169e-316	2.51118e-21	4.0138e-16	coex	5
0.5	140	5	15	2.4909e+09	62580.2	9.20687e-317	1.15809e-23	-2.49977e-16	coex	5
0.55	140	5	15	2.74226e+09	68540.9	1.43191e-316	5.29383e-26	6.89433e-17	coex	5
0.6	140	5	15	2.99361e+09	74268.5	9.14176e-317	2.40245e-28	1.94113e-16	coex	5
0.65	140	5	15	3.24495e+09	79765.1	8.02982e-317	1.08371e-30	6.04018e-16	coex	5
0.7	140	5	15	3.49628e+09	85034.2	8.05614e-317	4.86337e-33	-2.02527e-16	coex	5
0.75	140	5	15	3.74761e+09	90079.6	8.85084e-317	2.1729e-35	5.40665e-16	coex	5
0.8	140	5	15	3.99893e+09	94905.2	1.36824e-316	9.67095e-38	1.08124e-16	coex	5
0.85	140	5	15	4.25025e+09	99515.3	7.49859e-317	4.28969e-40	1.31086e-16	coex	5
0.9	140	5	15	4.50157e+09	103914	1.38858e-316	1.89704e-42	2.05601e-16	coex	5
0.95	140	5	15	4.75288e+09	108104	1.02153e-316	8.36684e-45	-5.24455e-16	coex	5
1	140	5	15	5.00418e+09	112089	8.62057e-317	3.68126e-47	-2.76437e-16	coex	5
0.05	150	5	15	2.1372e+08	2706.08	1.59855e-316	0.0025653	2.97263e-07	coex	5
0.1	150	5	15	4.78157e+08	7841.64	7.57154e-317	2.95473e-05	1.5305e-09	coex	5
0.15	150	5	15	7.28987e+08	13739.4	7.8813e-317	2.04749e-07	6.95654e-12	coex	5
0.2	150	5	15	9.79758e+08	19994.6	7.44126e-317	1.22501e-09	3.15479e-14	coex	5
0.25	150	5	15	1.23052e+09	26343.1	3.93911e-317	6.83468e-12	5.70931e-17	coex	5
0.3	150	5	15	1.48126e+09	32643.2	1.06527e-316	3.6626e-14	2.71335e-16	coex	5
0.35	150	5	15	1.73197e+09	38818.1	1.31873e-316	1.91206e-16	6.92128e-16	coex	5
0.4	150	5	15	1.98265e+09	44826	1.40849e-316	9.80016e-19	-5.69388e-17	coex	5
0.45	150	5	15	2.23331e+09	50644.3	4.38543e-317	4.95497e-21	1.79041e-16	coex	5
0.5	150	5	15	2.48396e+09	56261.7	8.15164e-317	2.47891e-23	-7.0942e-16	coex	5
0.55	150	5	15	2.73458e+09	61673.3	6.75768e-317	1.22975e-25	3.56684e-16	coex	5
0.6	150	5	15	2.9852e+09	66877.9	9.87832e-317	6.05851e-28	-1.52682e-16	coex	5
0.65	150	5	15	3.2358e+09	71876.5	5.03398e-317	2.96759e-30	-2.71483e-17	coex	5
0.7	150	5	15	3.4864e+09	76671.5	8.29619e-317	1.44646e-32	-8.8791e-16	coex	5
0.75	150	5	15	3.73698e+09	81265.6	2.49119e-317	7.02053e-35	-2.88119e-16	coex	5
0.8	150	5	15	3.98757e+09	85662.3	8.60558e-317	3.39492e-37	-2.22275e-16	coex	5
0.85	150	5	15	4.23814e+09	89864.6	8.15583e-317	1.63636e-39	2.53264e-15	coex	5
0.9	150	5	15	4.48871e+09	93875.9	1.07781e-316	7.86456e-42	-9.46461e-17	coex	5
0.95	150	5	15	4.73927e+09	97699.1	1.20182e-316	3.77008e-44	1.48392e-15	coex	5
1	150	5	15	4.98983e+09	101337	9.16499e-317	1.80309e-46	-4.24039e-17	coex	5
0.05	160	5	15	2.12341e+08	2410.37	1.81068e-316	0.00270548	3.15543e-07	coex	5
0.1	160	5	15	4.76959e+08	7009.07	1.49652e-316	3.33962e-05	1.73421e-09	coex	5
0.15	160	5	15	7.27203e+08	12308.4	-2.32536e-317	2.47489e-07	8.43147e-12	coex	5
0.2	160	5	15	9.77348e+08	17949.5	1.55008e-316	1.5871e-09	4.00428e-14	coex	5
0.25	160	5	15	1.22747e+09	23691.7	1.37334e-316	9.50761e-12	2.4593e-16	coex	5
0.3	160	5	15	1.47756e+09	29403.7	1.1191e-316	5.47765e-14	-3.85129e-16	coex	5
0.35	160	5	15	1.72761e+09	35013.1	1.1649e-316	3.07741e-16	3.22198e-16	coex	5
0.4	160	5	15	1.97763e+09	40479.6	1.23135e-316	1.69877e-18	4.81128e-16	coex	5
0.45	160	5	15	2.22763e+09	45780.8	1.57453e-316	9.256e-21	-2.1781e-16	coex	5
0.5	160	5	15	2.4776e+09	50904.9	1.15197e-316	4.99273e-23	2.7375e-16	coex	5
0.55	160	5	15	2.72755e+09	55846.1	8.65916e-317	2.67153e-25	1.65467e-16	coex	5
0.6	160	5	15	2.97749e+09	60602.5	9.59153e-317	1.4201e-27	-7.56984e-16	coex	5
0.65	160	5	15	3.22741e+09	65174	8.94371e-317	7.50738e-30	-2.08793e-15	coex	5
0.7	160	5	15	3.47732e+09	69562.2	7.1392e-317	3.95023e-32	-1.13039e-15	coex	5
0.75	160	5	15	3.72723e+09	73769.3	1.54795e-316	2.07016e-34	-2.64684e-16	coex	5
0.8	160	5	15	3.97712e+09	77797.6	1.04328e-316	1.08107e-36	7.51834e-16	coex	5
0.85	160	5	15	4.22701e+09	81650	1.32812e-316	5.62804e-39	1.2068e-15	coex	5
0.9	160	5	15	4.47689e+09	85328.9	8.60644e-317	2.92189e-41	-5.7495e-16	coex	5
0.95	160	5	15	4.72677e+09	88837	1.08545e-316	1.51321e-43	1.27587e-15	coex	5
1	160	5	15	4.97664e+09	92176.6	1.09818e-316	7.81929e-46	-2.30637e-16	coex	5
0.05	170	5	15	2.11043e+08	2162.84	5.48901e-318	0.00284009	3.3328e-07	coex	5
0.1	170	5	15	4.75859e+08	6307.97	6.35027e-317	3.73716e-05	1.94513e-09	coex	5
0.15	170	5	15	7.25566e+08	11098.7	9.63599e-317	2.94621e-07	1.00579e-11	coex	5
0.2	170	5	15	9.75136e+08	16215.1	9.34743e-317	2.01432e-09	5.20435e-14	coex	5
0.25	170	5	15	1.22467e+09	21437.4	1.09002e-316	1.28869e-11	-1.45366e-15	coex	5
0.3	170	5	15	1.47416e+09	26643.9	1.03652e-316	7.93946e-14	-6.11672e-17	coex	5
0.35	170	5	15	1.72361e+09	31766.3	9.24571e-317	4.77455e-16	-3.82118e-16	coex	5
0.4	170	5	15	1.97301e+09	36765.8	7.91863e-317	2.82338e-18	2.69091e-16	coex	5
0.45	170	5	15	2.22239e+09	41620.6	7.18645e-317	1.64897e-20	-1.08553e-16	coex	5
0.5	170	5	15	2.47174e+09	46318.3	1.00471e-316	9.53896e-23	-1.15337e-16	coex	5
0.55	170	5	15	2.72106e+09	50852.8	3.33597e-317	5.47611e-25	3.1822e-16	coex	5
0.6	170	5	15	2.97037e+09	55221.2	9.87252e-317	3.12413e-27	-4.86199e-16	coex	5
0.65	170	5	15	3.21966e+09	59423	1.50825e-316	1.77304e-29	-1.29843e-16	coex	5
0.7	170	5	15	3.46895e+09	63459	1.37267e-316	1.00179e-31	8.34725e-16	coex	5
0.75	170	5	15	3.71821e+09	67330.7	1.29616e-316	5.63858e-34	2.42783e-16	coex	5
0.8	170	5	15	3.96747e+09	71039.9	9.12602e-317	3.16308e-36	8.32977e-16	coex	5
0.85	170	5	15	4.21673e+09	74588.9	1.11343e-316	1.76917e-38	-2.89511e-16	coex	5
0.9	170	5	15	4.46597e+09	77979.7	1.09894e-316	9.86936e-41	1.4939e-16	coex	5
0.95	170	5	15	4.71521e+09	81214.5	9.52152e-317	5.49272e-43	8.07996e-16	coex	5
1	170	5	15	4.96444e+09	84295.3	1.26102e-316	3.05046e-45	3.32351e-16	coex	5
0.05	180	5	15	2.09817e+08	1953.42	5.27997e-318	0.00296953	3.50507e-07	coex	5
0.1	180	5	15	4.74842e+08	5711.68	1.12721e-316	4.14613e-05	2.16261e-09	coex	5
0.15	180	5	15	7.24057e+08	10066.1	1.08007e-316	3.46122e-07	1.18405e-11	coex	5
0.2	180	5	15	9.73095e+08	14730.5	2.69002e-317	2.5112e-09	6.37186e-14	coex	5
0.25	180	5	15	1.22209e+09	19503.3	9.52765e-317	1.70774e-11	1.19377e-15	coex	5
0.3	180	5	15	1.47102e+09	24271.6	9.23716e-317	1.11979e-13	6.04461e-16	coex	5
0.35	180	5	15	1.7199e+09	28971	9.21683e-317	7.17433e-16	1.94463e-15	coex	5
0.4	180	5	15	1.96874e+09	33564.5	1.31412e-316	4.52335e-18	2.54445e-16	coex	5
0.45	180	5	15	2.21754e+09	38030.6	9.10318e-317	2.8185e-20	-1.89018e-17	coex	5
0.5	180	5	15	2.46631e+09	42356.8	8.28132e-317	1.74035e-22	4.99461e-17	coex	5
0.55	180	5	15	2.71505e+09	46536.5	1.11219e-316	1.06689e-24	-3.31138e-16	coex	5
0.6	180	5	15	2.96378e+09	50566.4	8.86342e-317	6.50191e-27	-3.85281e-17	coex	5
0.65	180	5	15	3.21248e+09	54445.5	9.77863e-317	3.94292e-29	-4.01934e-16	coex	5
0.7	180	5	15	3.46117e+09	58173.9	8.10332e-317	2.38106e-31	8.62518e-16	coex	5
0.75	180	5	15	3.70985e+09	61752.6	9.74956e-317	1.43269e-33	1.30628e-15	coex	5
0.8	180	5	15	3.95852e+09	65183	1.44964e-316	8.59325e-36	-4.88144e-17	coex	5
0.85	180	5	15	4.20718e+09	68466.8	9.71001e-317	5.13986e-38	2.5885e-16	coex	5
0.9	180	5	15	4.45583e+09	71605.7	8.81082e-317	3.06665e-40	-2.94311e-16	coex	5
0.95	180	5	15	4.70447e+09	74601.5	1.43564e-316	1.82562e-42	6.58116e-17	coex	5
1	180	5	15	4.95311e+09	77455.9	8.20988e-317	1.08463e-44	-4.90765e-16	coex	5
0.05	190	5	15	2.08655e+08	1774.56	1.73095e-317	0.00309418	3.67255e-07	coex	5
0.1	190	5	15	4.73897e+08	5200	1.10701e-316	4.56542e-05	2.38606e-09	coex	5
0.15	190	5	15	7.22659e+08	9177.25	5.68252e-317	4.01956e-07	1.37771e-11	coex	5
0.2	190	5	15	9.71202e+08	13449.1	1.00695e-316	3.08202e-09	7.82952e-14	coex	5
0.25	190	5	15	1.21969e+09	17830.4	8.24035e-317	2.21868e-11	2.07373e-16	coex	5
0.3	190	5	15	1.4681e+09	22216	8.43368e-317	1.54197e-13	2.36088e-16	coex	5
0.35	190	5	15	1.71646e+09	26545.5	7.16242e-317	1.04813e-15	-8.88902e-16	coex	5
0.4	190	5	15	1.96476e+09	30783.2	8.9024e-317	7.01663e-18	5.67233e-16	coex	5
0.45	190	5	15	2.21303e+09	34908.3	4.53332e-317	4.64505e-20	-5.31313e-16	coex	5
0.5	190	5	15	2.46126e+09	38908.3	1.00938e-316	3.04885e-22	-1.10461e-15	coex	5
0.55	190	5	15	2.70946e+09	42776.4	1.1044e-316	1.9876e-24	-8.08989e-16	coex	5
0.6	190	5	15	2.95764e+09	46508.8	4.27248e-317	1.28857e-26	-4.73017e-16	coex	5
0.65	190	5	15	3.20579e+09	50104.1	9.04494e-317	8.31523e-29	-8.65703e-16	coex	5
0.7	190	5	15	3.45393e+09	53561.8	1.3892e-316	5.34473e-31	-2.44266e-16	coex	5
0.75	190	5	15	3.70206e+09	56882.7	1.06016e-316	3.42372e-33	-2.12655e-16	coex	5
0.8	190	5	15	3.95017e+09	60067.6	8.97021e-317	2.18664e-35	3.79473e-16	coex	5
0.85	190	5	15	4.19828e+09	63117.9	9.03752e-317	1.39288e-37	7.23974e-16	coex	5
0.9	190	5	15	4.44637e+09	66035	9.76394e-317	8.85178e-40	1.801e-17	coex	5
0.95	190	5	15	4.69446e+09	68820.3	1.39567e-316	5.61351e-42	-1.53359e-16	coex	5
1	190	5	15	4.94254e+09	71475.1	1.30625e-316	3.55314e-44	1.2193e-17	coex	5
0.05	200	5	15	2.0755e+08	1620.48	-2.31764e-317	0.00321437	3.83553e-07	coex	5
0.1	200	5	15	4.73016e+08	4757.41	9.73945e-317	4.99406e-05	2.61494e-09	coex	5
0.15	200	5	15	7.21357e+08	8406.23	9.90088e-317	4.62077e-07	1.58663e-11	coex	5
0.2	200	5	15	9.6944e+08	12334.9	5.92461e-317	3.73075e-09	9.48739e-14	coex	5
0.25	200	5	15	1.21745e+09	16372.8	1.48042e-316	2.83254e-11	4.88086e-16	coex	5
0.3	200	5	15	1.46538e+09	20422.1	1.34561e-316	2.07884e-13	-4.95423e-16	coex	5
0.35	200	5	15	1.71325e+09	24425.7	9.64738e-317	1.49364e-15	-1.75236e-16	coex	5
0.4	200	5	15	1.96105e+09	28349.7	3.47525e-317	1.05774e-17	-2.89023e-16	coex	5
0.45	200	5	15	2.20882e+09	32173.8	6.37052e-317	7.412e-20	-4.12717e-16	coex	5
0.5	200	5	15	2.45654e+09	35885.6	8.25764e-317	5.15224e-22	-5.64188e-16	coex	5
0.55	200	5	15	2.70423e+09	39478.1	1.11054e-316	3.55867e-24	-4.8421e-16	coex	5
0.6	200	5	15	2.9519e+09	42947.3	8.64234e-317	2.44525e-26	9.92078e-17	coex	5
0.65	200	5	15	3.19954e+09	46291.2	1.55182e-316	1.67291e-28	-1.45774e-16	coex	5
0.7	200	5	15	3.44716e+09	49509.4	1.02181e-316	1.1403e-30	1.62571e-15	coex	5
0.75	200	5	15	3.69477e+09	52601.8	8.50611e-317	7.74784e-33	-5.93514e-17	coex	5
0.8	200	5	15	3.94236e+09	55569.2	1.06286e-316	5.24968e-35	1.04199e-15	coex	5
0.85	200	5	15	4.18995e+09	58412.5	1.01314e-316	3.54825e-37	-6.70339e-16	coex	5
0.9	200	5	15	4.43752e+09	61132.8	8.97794e-317	2.39299e-39	-4.80979e-16	coex	5
0.95	200	5	15	4.68508e+09	63731.4	1.54657e-316	1.61068e-41	-1.18818e-16	coex	5
1	200	5	15	4.93263e+09	66209.3	1.47614e-316	1.08218e-43	3.48648e-16	coex	5
